1 2 3 4 5 6
1 2 3 4 (6 5)
1 2 3 (5 4) 6
1 2 (4 3) 5 6
1 2 (4 3) (6 5)
1 (3 2) 4 5 6
1 (3 2) 4 (6 5)
1 (3 2) (5 4) 6
(2 1) 3 4 5 6
(2 1) 3 4 (6 5)
(2 1) 3 (5 4) 6
(2 1) (4 3) 5 6
(2 1) (4 3) (6 5)
(2 1) 3 4 5 6 7
(2 1) 3 4 5 (7 6)
(2 1) 3 4 (6 5) 7
(2 1) 3 (5 4) 6 7
(2 1) 3 (5 4) (7 6)
(2 1) (4 3) 5 6 7
(2 1) (4 3) 5 (7 6)
(2 1) (4 3) (6 5) 7
(2 1) 3 4 5 6 7 8
(2 1) 3 4 5 6 (8 7)
(2 1) 3 4 5 (7 6) 8
(2 1) 3 4 (6 5) 7 8
(2 1) 3 4 (6 5) (8 7)
(2 1) 3 (5 4) 6 7 8
(2 1) 3 (5 4) 6 (8 7)
(2 1) 3 (5 4) (7 6) 8
(2 1) (4 3) 5 6 7 8
(2 1) (4 3) 5 6 (8 7)
(2 1) (4 3) 5 (7 6) 8
(2 1) (4 3) (6 5) 7 8
(2 1) (4 3) (6 5) (8 7)

1 - 1
2 - 2
3 - 3
4 - 5
5 - 8
6 - 13
7 - 21
8 - 34
9 - 55
10 - 89

57 - 55
2 - 1
0

(1 2) 3 4 5 6 7 8 (9 10)
2 1 3 4 5 6 7 8 10 9


33 - 21
12 - 8
4 - 3
1 - 0

1 2 3 4 5 6 7 8
(2 1) (4 3) (6 5) 7 8

순서가 바뀌지 않는 것은 바로 앞의 것과 바뀌는 경우만 해당
이 경우는 길이에 대한 피보나치와 동일함
자기 길이의 피보나치보다 큰 경우(같은 경우 아님)에 그 위치를 바꾸고 다음으로 이동하면 된다.
